0
0
0
0
0
0
0
0
0
0
0
0
0
0
0
0
0
0
0
0
0
0
0
0
0
0
0
0
0
0
0
0
0
0
0
0
0
0
0
0
0
0
0
0
0
0
0
1
0
0
0
0
0
0
0
0
0
0
0
0
0
0
0
0
0
0
0
0
0
0
0
0
0
0
0
0
0
0
0
0
0
0
0
0
0
0
0
0
0
0
0
0
0
0
32273
400
9655
26571
27458
22925
29814
17740
31363
10985
6767
17135
14242
10430
14123
15770
25846
30038
19562
3955
22619
25613
721
24075
25654
6785
9902
20428
29315
22547
13069
17981
18721
12487
1096
694
17338
12983
21127
18278
10402
15242
24477
5755
6994
13640
21239
9604
4132
2110
4427
29488
2597
18847
29945
10676
21746
3256
10006
6212
22947
16064
30779
4644
7947
6980
31601
27130
31369
4480
19578
3119
28647
24821
22037
27457
15316
17834
7118
1301
1454
17091
32289
16495
14946
29730
9934
15833
7011
19932
18015
30562
6591
21142
2820
11967
9856
4037
15366
12666
14002
6438
11310
26347
21119
19123
16544
27644
9194
19091
6360
13476
6880
6825
30581
17241
24943
875
25285
696
1046
16351
3853
11725
24376
5313
937
30595
5100
25309
3914
18923
31607
20189
1718
536
18908
18149
29828
32134
19739
