0
0
0
0
0
0
0
0
0
0
0
0
0
0
0
0
0
0
0
0
0
0
0
0
0
0
0
0
0
0
0
0
0
0
0
0
0
0
0
0
0
0
0
0
0
0
0
0
0
0
0
0
0
0
0
0
0
0
0
0
0
0
0
0
0
0
0
0
0
0
0
0
0
0
0
0
0
0
0
0
0
1
0
0
0
0
0
0
0
0
0
0
0
0
0
0
0
0
0
0
0
0
0
0
0
0
0
0
0
0
0
0
0
0
0
0
0
0
0
0
0
0
0
0
0
0
0
0
0
0
0
0
0
0
0
0
0
0
0
0
0
0
0
0
0
0
0
0
0
0
0
0
0
0
0
0
0
0
0
0
0
0
22277
21506
22225
7944
20860
26838
20670
11842
30721
24599
2623
22355
25867
17916
14827
6427
16025
22184
26082
1419
3691
24727
1789
17376
32333
25963
22071
16044
8652
16127
3605
9289
27710
3396
6451
10508
31685
25585
10989
14111
32628
5596
5799
26769
12395
5694
26064
19663
7018
14079
11379
4932
20962
3458
28589
16805
1862
32334
6426
7382
8425
23138
28109
24631
21595
6062
20271
18315
6629
220
12181
19573
30292
16144
7195
18706
28894
23321
2286
30178
28586
16883
11452
29124
12027
31563
11199
12158
5318
5948
6750
17615
17398
25369
31495
11215
2148
13268
19091
4043
32266
1805
29195
15268
13232
25231
3166
12342
31454
13463
23077
19949
7321
1502
32062
21855
17382
4366
10661
20306
7397
18892
24715
11578
26816
2119
1618
10212
7285
27841
13240
2709
2569
8490
1542
13700
4431
26005
27109
13128
26418
20186
26588
16743
10198
19817
22868
9407
8645
29924
8320
3923
5572
5065
1324
15732
2223
29944
13334
17658
14940
9118
3619
23002
24060
15528
30780
2054
20054
16226
13434
4899
10637
27069
30882
20808
1539
31523
30166
28288
19281
15237
22723
5018
10286
23248
29040
27451
8045
10170
11570
29926
15413
15182
23845
32333
9955
2410
26370
30676
4574
19672
30168
10701
18228
110
3022
5289
1378
1321
30133
32468
21370
14310
5327
24521
568
4080
15050
30790
12670
27205
28571
31852
26386
25613
26747
15623
3395
6497
15086
14832
3487
17435
28241
30745
11669
4372
31261
23139
22650
4289
32417
